4.000000000000000222e-01 6.934477262083135231e-03
4.013333333333333752e-01 6.933257851302461645e-03
4.026711111111111463e-01 6.932753632114952227e-03
4.040133481481482103e-01 6.931743139427006158e-03
4.053600593086420512e-01 6.930941683050435148e-03
4.067112595063375191e-01 6.930082524259323189e-03
4.080669637046919762e-01 6.929338986051396081e-03
4.094271869170409417e-01 6.928502281216769067e-03
4.107919442067644034e-01 6.927842892157867576e-03
4.121612506874536286e-01 6.927141201744683834e-03
4.135351215230784749e-01 6.926303203857346776e-03
4.149135719281554224e-01 6.925650008525107912e-03
4.162966171679159388e-01 6.924976212415881113e-03
4.176842725584756777e-01 6.924325373584526433e-03
4.190765534670039538e-01 6.924865114810325843e-03
4.204734753118939405e-01 6.922876789259652976e-03
4.218750535629335885e-01 6.922358139013413611e-03
4.232813037414767110e-01 6.921624079039068178e-03
4.246922414206149576e-01 6.920787081988429360e-03
4.261078822253503429e-01 6.920301589340272994e-03
4.275282418327681633e-01 6.919493719746051472e-03
4.289533359722107475e-01 6.918797489812703386e-03
4.303831804254514282e-01 6.918064465356147524e-03
4.318177910268696240e-01 6.917356098108841736e-03
4.332571836636258666e-01 6.916594963556036910e-03
4.347013742758379373e-01 6.915833728881634439e-03
4.361503788567573925e-01 6.915201081406835426e-03
4.376042134529465888e-01 6.914693706247705685e-03
4.390628941644564298e-01 6.914715549047897522e-03
4.405264371450046124e-01 6.914163840255009748e-03
4.419948586021546499e-01 6.913621024513033099e-03
4.434681747974951738e-01 6.914160387067698997e-03
4.449464020468201775e-01 6.914077922509533417e-03
4.464295567203095949e-01 6.915526828027076557e-03
4.479176552427105995e-01 6.913073091546659624e-03
4.494107140935196254e-01 6.910589091441463744e-03
4.509087498071646660e-01 6.909691803028524676e-03
4.524117789731885719e-01 6.908695874099517881e-03
4.539198182364325151e-01 6.908487760164723317e-03
4.554328842972206193e-01 6.907696976252144724e-03
4.569509939115447006e-01 6.906697613961440552e-03
4.584741638912498418e-01 6.906291846573821627e-03
4.600024111042206876e-01 6.905543728579836317e-03
4.615357524745680728e-01 6.905068401212750839e-03
4.630742049828166507e-01 6.904423094521634253e-03
4.646177856660926864e-01 6.903934927597300646e-03
4.661665116183130175e-01 6.903447743987346612e-03
4.677203999903740694e-01 6.903334601255177276e-03
4.692794679903419808e-01 6.903356006077109551e-03
4.708437328836431179e-01 6.901999703841510056e-03
4.724132119932552554e-01 6.902120416471330816e-03
4.739879226998994222e-01 6.901548595193527681e-03
4.755678824422324147e-01 6.900422315148320440e-03
4.771531087170398644e-01 6.900080328527889197e-03
4.787436190794299717e-01 6.900014136569829551e-03
4.803394311430280728e-01 6.898817753521645918e-03
4.819405625801714832e-01 6.898179917723313952e-03
4.835470311221053974e-01 6.898519618821193598e-03
4.851588545591790647e-01 6.902019569271753557e-03
4.867760507410430204e-01 6.897941881639727685e-03
4.883986375768464838e-01 6.896754259823595530e-03
4.900266330354359767e-01 6.895785645873083076e-03
4.916600551455541090e-01 6.895489943665932160e-03
4.932989219960393079e-01 6.895419243802883985e-03
4.949432517360261019e-01 6.895194498481672062e-03
4.965930625751461824e-01 6.895340587996437801e-03
4.982483727837300203e-01 6.897733149554777926e-03
4.999092006930091481e-01 6.895025202531961626e-03
5.015755646953191649e-01 6.897612819302558970e-03
5.032474832443035728e-01 6.915137394873082169e-03
5.049249748551178918e-01 6.906040354678001821e-03
5.066080581046349396e-01 6.896873786320403300e-03
5.082967516316503342e-01 6.900425035600427082e-03
5.099910741370892175e-01 6.906042898030521730e-03
5.116910443842128675e-01 6.900652243522609371e-03
5.133966811988268653e-01 6.903736672460922610e-03
5.151080034694895948e-01 6.890459642998224797e-03
5.168250301477211872e-01 6.890373281881427905e-03
5.185477802482135745e-01 6.889672173711864668e-03
5.202762728490409883e-01 6.888316400905749801e-03
5.220105270918711238e-01 6.888052980808382839e-03
5.237505621821774149e-01 6.887605615819849744e-03
5.254963973894513085e-01 6.888222859607357786e-03
5.272480520474160937e-01 6.888002151037303164e-03
5.290055455542408414e-01 6.886312556890850610e-03
5.307688973727550108e-01 6.887423427542628193e-03
5.325381270306641657e-01 6.886330302465551272e-03
5.343132541207663566e-01 6.885403652794642136e-03
5.360942983011689478e-01 6.884966713650329979e-03
5.378812792955062205e-01 6.887282853483225713e-03
5.396742168931578654e-01 6.886192139516577292e-03
5.414731309494683620e-01 6.889143545802663832e-03
5.432780413859665813e-01 6.893656683898103689e-03
5.450889681905864981e-01 6.891937329877692760e-03
5.469059314178884579e-01 6.898434178477142083e-03
5.487289511892814442e-01 6.885675807806708633e-03
5.505580476932456779e-01 6.885447199600342599e-03
5.523932411855565494e-01 6.884426906563686013e-03
5.542345519895084394e-01 6.882576529321580983e-03
5.560820004961400942e-01 6.882841591918470621e-03
5.579356071644605564e-01 6.881505761652500185e-03
5.597953925216754278e-01 6.881522700781058342e-03
5.616613771634143548e-01 6.880822646651524842e-03
5.635335817539590675e-01 6.880351846439932730e-03
5.654120270264723080e-01 6.879713253091447947e-03
5.672967337832272028e-01 6.881774797153666218e-03
5.691877228958379664e-01 6.940299587381440830e-03
5.710850153054907175e-01 6.882480658496834165e-03
5.729886320231757368e-01 6.901561339845006804e-03
5.748985941299196156e-01 6.890949112377820970e-03
5.768149227770194010e-01 6.884489158421780615e-03
5.787376391862761871e-01 6.888556874008648113e-03
5.806667646502304825e-01 6.909403715339330031e-03
5.826023205323979104e-01 6.891054673744576378e-03
5.845443282675059082e-01 6.884045104718510867e-03
5.864928093617309823e-01 6.888282629125421809e-03
5.884477853929367397e-01 6.990011738675403798e-03
5.904092780109131411e-01 6.971763788175885414e-03
5.923773089376161982e-01 6.930944530076013112e-03
5.943518999674082259e-01 6.903196357378271406e-03
5.963330729672995378e-01 6.912181153042801403e-03
5.983208498771905859e-01 6.937140831270231962e-03
6.003152527101145441e-01 6.916572778886675814e-03
6.023163035524815578e-01 6.910922670773598890e-03
6.043240245643232145e-01 6.892501432095674008e-03
6.063384379795375700e-01 6.887340482383887651e-03
6.083595661061360627e-01 6.879606408090536973e-03
6.103874313264898710e-01 6.875951113583321506e-03
6.124220560975781602e-01 6.874581646148791858e-03
6.144634629512367718e-01 6.874709112953274887e-03
6.165116744944075799e-01 6.874527272648164530e-03
6.185667134093889574e-01 6.873420846341880136e-03
6.206286024540869084e-01 6.875248415101902974e-03
6.226973644622671999e-01 6.872983663800989046e-03
6.247730223438080488e-01 6.880474124290398424e-03
6.268555990849540294e-01 6.883945474832264474e-03
6.289451177485705369e-01 6.877145137249471643e-03
6.310416014743991386e-01 6.873994572624025912e-03
6.331450734793138135e-01 6.878784734240759972e-03
6.352555570575781907e-01 6.899670296629925592e-03
6.373730755811034543e-01 6.901297958710954188e-03
6.394976524997071365e-01 6.878582526238472342e-03
6.416293113413727989e-01 6.879898786427316240e-03
6.437680757125107123e-01 6.876518739109132271e-03
6.459139692982190928e-01 6.952910419668963289e-03
6.480670158625464472e-01 6.928519615453995230e-03
6.502272392487549180e-01 6.878554847884726237e-03
6.523946633795840722e-01 6.921218934214703675e-03
6.545693122575160228e-01 7.023134866238822313e-03
6.567512099650411050e-01 6.885011198234380209e-03
6.589403806649245521e-01 6.885486065139237444e-03
6.611368486004742806e-01 6.920325440929490576e-03
6.633406380958092319e-01 6.874247992219808048e-03
6.655517735561286008e-01 6.877315131281124157e-03
6.677702794679823972e-01 6.881382152067655467e-03
6.699961803995423404e-01 6.877054112737297428e-03
6.722295010008741967e-01 6.874525793793984790e-03
6.744702660042104503e-01 6.872204789894149901e-03
6.767185002242245284e-01 6.873291154367217916e-03
6.789742285583052483e-01 6.873531000141835760e-03
6.812374759868329299e-01 6.870843765114020493e-03
6.835082675734557300e-01 6.871801502942291411e-03
6.857866284653671984e-01 6.871731143892030082e-03
6.880725838935850547e-01 6.869858042066749777e-03
6.903661591732302982e-01 6.969252349119124668e-03
6.926673797038077618e-01 6.957405854405756054e-03
6.949762709694871088e-01 6.996478998801377962e-03
6.972928585393853851e-01 6.961223084207129007e-03
6.996171680678500149e-01 7.020458396272138621e-03
7.019492252947427957e-01 6.941625726191635350e-03
7.042890560457252258e-01 6.897810525930006889e-03
7.066366862325442755e-01 6.962581454426533534e-03
7.089921418533193798e-01 7.076783069730707872e-03
7.113554489928304303e-01 6.978672992652790695e-03
7.137266338228065443e-01 6.919358081047037590e-03
7.161057226022159439e-01 7.152478111856377767e-03
7.184927416775566122e-01 7.006437011387913957e-03
7.208877174831485046e-01 6.982994588971051797e-03
7.232906765414256478e-01 7.072182140754488568e-03
7.257016454632303493e-01 6.986141998957569842e-03
7.281206509481077394e-01 6.948802562435658393e-03
7.305477197846014237e-01 7.203845143773081501e-03
7.329828788505501347e-01 7.073910550491234288e-03
7.354261551133852715e-01 6.994411749715978392e-03
7.378775756304298827e-01 7.007279617776491359e-03
7.403371675491979831e-01 7.096595079872201547e-03
7.428049581076953123e-01 7.039143690846843583e-03
7.452809746347209829e-01 6.892928752194740945e-03
7.477652445501700162e-01 6.891990062815912810e-03
7.502577953653372100e-01 6.904948615631144315e-03
7.527586546832216730e-01 6.921212878373135015e-03
7.552678501988323578e-01 6.869927039795648178e-03
7.577854096994951494e-01 6.877590734313757635e-03
7.603113610651601739e-01 6.873145869672850003e-03
7.628457322687106634e-01 6.867605935207506639e-03
7.653885513762730408e-01 6.870416163404690670e-03
7.679398465475273383e-01 6.870608712109896495e-03
7.704996460360190591e-01 6.866711011269704089e-03
7.730679781894724822e-01 6.868098928597290639e-03
7.756448714501040786e-01 6.865947923269432110e-03
7.782303543549378144e-01 6.867456903261343407e-03
7.808244555361208983e-01 6.865881291309784348e-03
7.834272037212413053e-01 6.895106275236605013e-03
7.860386277336454119e-01 6.891971898177134438e-03
7.886587564927575178e-01 6.903352020831540238e-03
7.912876190144000343e-01 6.955096789557689216e-03
7.939252444111146723e-01 6.891801395646162016e-03
7.965716618924850723e-01 6.968726252368277925e-03
7.992269007654599910e-01 6.878003088272020490e-03
8.018909904346781525e-01 6.906178508219216507e-03
8.045639604027937652e-01 6.992738149625437986e-03
8.072458402708030389e-01 7.033378758827119916e-03
8.099366597383723665e-01 7.056952193180926133e-03
8.126364486041669499e-01 6.945525427892800321e-03
8.153452367661808697e-01 6.994267271328318512e-03
8.180630542220681534e-01 7.152550271336873683e-03
8.207899310694750650e-01 6.965374378666766217e-03
8.235258975063732834e-01 7.070421199735675392e-03
8.262709838313945232e-01 7.094288261014333220e-03
8.290252204441658224e-01 7.284842247770249336e-03
8.317886378456463836e-01 7.252437563950550788e-03
8.345612666384651934e-01 7.001853452510580812e-03
8.373431375272600841e-01 7.093040584243405500e-03
8.401342813190175729e-01 7.035208746569344800e-03
8.429347289234142560e-01 6.911119829823860958e-03
8.457445113531589787e-01 7.008961693950427688e-03
8.485636597243362278e-01 6.959689983635004851e-03
8.513922052567506338e-01 6.975794913942648563e-03
8.542301792742731381e-01 7.003487745122418708e-03
8.570776132051873830e-01 6.924000156436365197e-03
8.599345385825379884e-01 6.923875455204306015e-03
8.628009870444798279e-01 6.932248199946574284e-03
8.656769903346280826e-01 6.942776550828063178e-03
8.685625803024101810e-01 6.958819158601883999e-03
8.714577889034181846e-01 6.977776735047704765e-03
8.743626481997629485e-01 6.976049957990027375e-03
8.772771903604288379e-01 6.967842701027602420e-03
8.802014476616302208e-01 7.044959661162281984e-03
8.831354524871689593e-01 7.031197653019381072e-03
8.860792373287929014e-01 7.113522560132687356e-03
8.890328347865555925e-01 7.241940291655393942e-03
8.919962775691774315e-01 7.356858237467337434e-03
8.949695984944080474e-01 7.384823435629784411e-03
8.979528304893894530e-01 7.238975106854781023e-03
9.009460065910207538e-01 7.414915992219037189e-03
9.039491599463241878e-01 7.228661263197645043e-03
9.069623238128119436e-01 7.171955563689704112e-03
9.099855315588546434e-01 7.220675434966045136e-03
9.130188166640508252e-01 7.361083937600318601e-03
9.160622127195976461e-01 7.228714930819367564e-03
9.191157534286629183e-01 7.117245685302669989e-03
9.221794726067584769e-01 7.086403067679406149e-03
9.252534041821143251e-01 7.129939877844135125e-03
9.283375821960546670e-01 7.542547519440030192e-03
9.314320408033748278e-01 7.455275125541943951e-03
9.345368142727193961e-01 7.726120512554947653e-03
9.376519369869618092e-01 7.254596510234427933e-03
9.407774434435850486e-01 7.307605319231529235e-03
9.439133682550636673e-01 7.261654131632759579e-03
9.470597461492472613e-01 7.500313131570862483e-03
9.502166119697447177e-01 7.477875428535812885e-03
9.533840006763105723e-01 7.375584763515364781e-03
9.565619473452315891e-01 7.428610190714361391e-03
9.597504871697156714e-01 7.549282221411886262e-03
9.629496554602814395e-01 7.359335210927179204e-03
9.661594876451490288e-01 7.233769970516658494e-03
9.693800192706328867e-01 7.302311677333445106e-03
9.726112860015350137e-01 7.524641268407353950e-03
9.758533236215400919e-01 7.350122589555875205e-03
9.791061680336119455e-01 7.268888353424304838e-03
9.823698552603906675e-01 7.316156092520259557e-03
9.856444214445919672e-01 7.234833130874501750e-03
9.889299028494072941e-01 7.168034918265120403e-03
9.922263358589052951e-01 7.189737943540336004e-03
9.955337569784349361e-01 7.241939055522146965e-03
9.988522028350297344e-01 7.164842101976803997e-03
1.002181710177813212e+00 7.173304115563994277e-03
1.005522315878405903e+00 7.202295960048732404e-03
1.008874056931333918e+00 7.177532074795486133e-03
1.012236970454438278e+00 7.115422489942375452e-03
1.015611093689286371e+00 7.169270755062251595e-03
1.018996464001584057e+00 7.153555568697603576e-03
1.022393118881589347e+00 7.126586442042961121e-03
1.025801095944528063e+00 7.160801972197989272e-03
1.029220432931009732e+00 7.143444217737529925e-03
1.032651167707446360e+00 7.131028937050362844e-03
1.036093338266471209e+00 7.101485431194067693e-03
1.039546982727359348e+00 7.064810494831643035e-03
1.043012139336450650e+00 7.063778901585748490e-03
1.046488846467572120e+00 7.004855941762747583e-03
1.049977142622463999e+00 6.987725771388233857e-03
1.053477066431205644e+00 7.025765916661279656e-03
1.056988656652642966e+00 6.915775445575231967e-03
1.060511952174818529e+00 6.971967027222193171e-03
1.064046992015401205e+00 6.878761649170459305e-03
1.067593815322119166e+00 7.109451203062822772e-03
1.071152461373192866e+00 6.946237919245342243e-03
1.074722969577770249e+00 7.158890191068962086e-03
1.078305379476362846e+00 6.927818347405264796e-03
1.081899730741284094e+00 7.030613884938972588e-03
1.085506063177088310e+00 7.046340002267966959e-03
1.089124416721011901e+00 7.161709554117284653e-03
1.092754831443415231e+00 7.313201134602298134e-03
1.096397347548226708e+00 7.163096395615124734e-03
1.100052005373387543e+00 7.326297201001407203e-03
1.103718845391298942e+00 7.269169864047094094e-03
1.107397908209269977e+00 7.582574972634357514e-03
1.111089234569967443e+00 7.208696326092206737e-03
1.114792865351867279e+00 7.436127244935211711e-03
1.118508841569706869e+00 7.356489260738819334e-03
1.122237204374939123e+00 7.488662366433921497e-03
1.125977995056189007e+00 7.427887760574920090e-03
1.129731255039709614e+00 7.788444767112341800e-03
1.133497025889842025e+00 7.805759178927488932e-03
1.137275349309474937e+00 7.570544138406334368e-03
1.141066267140506518e+00 7.431773263002591084e-03
1.144869821364308260e+00 7.621886816678779750e-03
1.148686054102189269e+00 7.554967871201035030e-03
1.152515007615863230e+00 7.723272489525784268e-03
1.156356724307916028e+00 7.615158367771103845e-03
1.160211246722275824e+00 7.514625725944707596e-03
1.164078617544683336e+00 7.593736599646978142e-03
1.167958879603165689e+00 7.516348639799056569e-03
1.171852075868509591e+00 7.607441302695424658e-03
1.175758249454738058e+00 7.558070822618361516e-03
1.179677443619587152e+00 7.486198587848432590e-03
1.183609701764985811e+00 7.448821331072408639e-03
1.187555067437535694e+00 7.413363661860314889e-03
1.191513584328994124e+00 7.436427943979088268e-03
1.195485296276757481e+00 7.398015552484491289e-03
1.199470247264346590e+00 7.341041482358216276e-03
1.203468481421894332e+00 7.310453891629471387e-03
1.207480043026633920e+00 7.363826964418375420e-03
1.211504976503389397e+00 7.280373528720103862e-03
1.215543326425067461e+00 7.226862572146698638e-03
1.219595137513151073e+00 7.135817181321264455e-03
1.223660454638194839e+00 7.211352901766527636e-03
1.227739322820322165e+00 7.201791653541810868e-03
1.231831787229723307e+00 7.200655326534355360e-03
1.235937893187155634e+00 7.063773077352373392e-03
1.240057686164446116e+00 7.062634507563690656e-03
1.244191211784994255e+00 7.147165232976905591e-03
1.248338515824277462e+00 7.024162086238947000e-03
1.252499644210358420e+00 7.059248985476529979e-03
1.256674643024392912e+00 6.997652042212781920e-03
1.260863558501140957e+00 6.950106264507635578e-03
1.265066437029478186e+00 6.987190786237586215e-03
1.269283325152909869e+00 6.957876631103347524e-03
1.273514269570086288e+00 7.068024608429245362e-03
1.277759317135319872e+00 7.029239006854962404e-03
1.282018514859104341e+00 7.132913397931178734e-03
1.286291909908634734e+00 7.220643044697403444e-03
1.290579549608330101e+00 7.214959838351925163e-03
1.294881481440357973e+00 7.273452336507572370e-03
1.299197753045159276e+00 7.305500374325052219e-03
1.303528412221976573e+00 7.418120861929834199e-03
1.307873506929383201e+00 7.311040061833942033e-03
1.312233085285814393e+00 7.389394563871951385e-03
1.316607195570100419e+00 7.415148550237688624e-03
1.320995886222000815e+00 7.343639474699369986e-03
1.325399205842740846e+00 7.483310474836890255e-03
1.329817203195549968e+00 7.480394001757137423e-03
1.334249927206201836e+00 7.485520124500912899e-03
1.338697426963555870e+00 7.811635914690416224e-03
1.343159751720101047e+00 7.868017375782765735e-03
1.347636950892501462e+00 8.058034149864183940e-03
1.352129074062143221e+00 7.762635469329756850e-03
1.356636170975683786e+00 7.756155626926196540e-03
1.361158291545602639e+00 8.124872870855389534e-03
1.365695485850754620e+00 7.895494851152600954e-03
1.370247804136923708e+00 7.864063556829054349e-03
1.374815296817380128e+00 7.837184682201002797e-03
1.379398014473438128e+00 7.750160510276602951e-03
1.383996007855016197e+00 7.990860438422944453e-03
1.388609327881199507e+00 7.879333872876698522e-03
1.393238025640803457e+00 7.728169419528128394e-03
1.397882152392939448e+00 7.874112465251974918e-03
1.402541759567582647e+00 7.743418021137476494e-03
1.407216898766141311e+00 8.136733852571024356e-03
1.411907621762028553e+00 7.768653189534948864e-03
1.416613980501235215e+00 7.805675011673829204e-03
1.421336027102906074e+00 7.751263042686607277e-03
1.426073813859915829e+00 7.858344736233341399e-03
1.430827393239448853e+00 7.608351232044226024e-03
1.435596817883580290e+00 7.774062277336562556e-03
1.440382140609858919e+00 7.774644138230018403e-03
1.445183414411891798e+00 7.925141928136489669e-03
1.450000692459931351e+00 7.800324016146983896e-03
1.454834028101464449e+00 7.719421556149736255e-03
1.459683474861802610e+00 7.504658443584313367e-03
1.464549086444675297e+00 7.447332960768955797e-03
1.469430916732824111e+00 7.655823777646729097e-03
1.474329019788600093e+00 7.562825775024650810e-03
1.479243449854562131e+00 7.653455491029513037e-03
1.484174261354077373e+00 7.565873646216443940e-03
1.489121508891924295e+00 7.512691720916388378e-03
1.494085247254897331e+00 7.727023265053677321e-03
1.499065531412413721e+00 7.548141013668712394e-03
1.504062416517121692e+00 7.520885178109723741e-03
1.509075957905512189e+00 7.491884311396864761e-03
1.514106211098530608e+00 7.608575397509568031e-03
1.519153231802192305e+00 7.473596588332161519e-03
1.524217075908199659e+00 7.520416773048862157e-03
1.529297799494560239e+00 7.384213133928658676e-03
1.534395458826208758e+00 7.347312361642234328e-03
1.539510110355629458e+00 7.349938524221820771e-03
1.544641810723481612e+00 7.303257195133047372e-03
1.549790616759226580e+00 7.321480975747310209e-03
1.554956585481757303e+00 7.213143318072221324e-03
1.560139774100029797e+00 7.315772823307531425e-03
1.565340240013696649e+00 7.278621314300385073e-03
1.570558040813742284e+00 7.181273891071125043e-03
1.575793234283121347e+00 7.232562928527944308e-03
1.581045878397398408e+00 7.178960307337446146e-03
1.586316031325389675e+00 7.193411599092945641e-03
1.591603751429807589e+00 7.192107352250424676e-03
1.596909097267906974e+00 7.256593043956610471e-03
1.602232127592133404e+00 7.348440426467990616e-03
1.607572901350773797e+00 7.393917841213341891e-03
1.612931477688609672e+00 7.491021052912130891e-03
1.618307915947571729e+00 7.655188690915162159e-03
1.623702275667396888e+00 7.651108130905999796e-03
1.629114616586288200e+00 7.631512156908792401e-03
1.634544998641575875e+00 7.532776062722365204e-03
1.639993481970381195e+00 7.508720439901964659e-03
1.645460126910282428e+00 7.901702133452731536e-03
1.650944993999983401e+00 7.860814680099283136e-03
1.656448143979983412e+00 7.750047855896776555e-03
1.661969637793250021e+00 7.532356224458617959e-03
1.667509536585894292e+00 7.793118478063339703e-03
1.673067901707847360e+00 7.683409281368602448e-03
1.678644794713540112e+00 7.618458925240272246e-03
1.684240277362585303e+00 7.771512150553832807e-03
1.689854411620460573e+00 7.615917744680635558e-03
1.695487259659195445e+00 7.581988477687722286e-03
1.701138883858059447e+00 7.779502463061608794e-03
1.706809346804252892e+00 7.626414712402336538e-03
1.712498711293600318e+00 7.703684931215678058e-03
1.718207040331245716e+00 7.600549963166058909e-03
1.723934397132349972e+00 7.560567878021355950e-03
1.729680845122791188e+00 7.642625064948947375e-03
1.735446447939867243e+00 7.664449392578926226e-03
1.741231269433000106e+00 7.692696770905624662e-03
1.747035373664443503e+00 7.698494679129863627e-03
1.752858824909991675e+00 7.565096522659640714e-03
1.758701687659691704e+00 7.705195559549711005e-03
1.764564026618557380e+00 7.808466757959397521e-03
1.770445906707285966e+00 7.656640006940720715e-03
1.776347393062976954e+00 7.781648821550498155e-03
1.782268551039853488e+00 7.603690974955910030e-03
1.788209446209986231e+00 7.725047733533848757e-03
1.794170144364019448e+00 8.006701755584965871e-03
1.800150711511899537e+00 7.842094859742958224e-03
1.806151213883605777e+00 8.079798152158836760e-03
1.812171717929884407e+00 7.992445124973266909e-03
1.818212290322984037e+00 7.896975417828059132e-03
1.824272997957393949e+00 7.598131368649964010e-03
1.830353907950585279e+00 8.082143469887193357e-03
1.836455087643753981e+00 8.207237397786535521e-03
1.842576604602566448e+00 8.026976376732020482e-03
1.848718526617908253e+00 8.129798110421825041e-03
1.854880921706634656e+00 7.975631562127008523e-03
1.861063858112323333e+00 8.049642140477120469e-03
1.867267404306031109e+00 7.991403439169838738e-03
1.873491628987051127e+00 8.148095102594595310e-03
1.879736601083674685e+00 7.699864240683665546e-03
1.886002389753953512e+00 7.848616521211604358e-03
1.892289064386466713e+00 8.030066854572590410e-03
1.898596694601088375e+00 7.690573311929659213e-03
1.904925350249758731e+00 7.805195139596017052e-03
1.911275101417257982e+00 8.086003942521369572e-03
1.917646018421982124e+00 7.715911559611665811e-03
1.924038171816722098e+00 8.208352057110641226e-03
1.930451632389444505e+00 7.940993533191153045e-03
1.936886471164076085e+00 7.602385038181798567e-03
1.943342759401289754e+00 7.790524889279414923e-03
1.949820568599293980e+00 7.830292901133500266e-03
1.956319970494625027e+00 7.995717157214865534e-03
1.962841037062940552e+00 7.847005858976904141e-03
1.969383840519816964e+00 7.663659194825275453e-03
1.975948453321549669e+00 7.956346627425166934e-03
1.982534948165954880e+00 7.902249375962865086e-03
1.989143397993174744e+00 7.752150902686588858e-03
1.995773875986485368e+00 7.647842034807914545e-03
2.002426455573107056e+00 7.701302708778859536e-03
2.009101210425017214e+00 7.738736401743773197e-03
2.015798214459767479e+00 7.579554496886907120e-03
2.022517541841299948e+00 7.502876463944122172e-03
2.029259266980770970e+00 7.642636370513309664e-03
2.036023464537373595e+00 7.504720523593718176e-03
2.042810209419164913e+00 7.500577433185241609e-03
2.049619576783895614e+00 7.551217929597596641e-03
2.056451642039841765e+00 7.413309242155547221e-03
2.063306480846641033e+00 7.376035650745683438e-03
2.070184169116129791e+00 7.420888124730405308e-03
2.077084783013183777e+00 7.432177742874217750e-03
2.084008398956560981e+00 7.303938571398383740e-03
2.090955093619749405e+00 7.264689413301781210e-03
2.097924943931815278e+00 7.318455979624490654e-03
2.104918027078254816e+00 7.346197994119412281e-03
2.111934420501849097e+00 7.383367642581475931e-03
2.118974201903522037e+00 7.476526057660417071e-03
2.126037449243200594e+00 7.332954629739435112e-03
2.133124240740678079e+00 7.472447964880966041e-03
2.140234654876480125e+00 7.422491336977661731e-03
2.147368770392735104e+00 7.606228576199601521e-03
2.154526666294044102e+00 7.488796834880549064e-03
2.161708421848357542e+00 7.546304145063823139e-03
2.168914116587852270e+00 7.572157429327664065e-03
2.176143830309811733e+00 7.617947354470563925e-03
2.183397643077511052e+00 7.618095152260395339e-03
2.190675635221102535e+00 7.707784647058861863e-03
2.197977887338506076e+00 7.806820930273378201e-03
2.205304480296300884e+00 7.919140142100733817e-03
2.212655495230622105e+00 7.815399584441990247e-03
2.220031013548057430e+00 7.741412387102047064e-03
2.227431116926550825e+00 7.895438303568258487e-03
2.234855887316305800e+00 7.855731465192644300e-03
2.242305406940693580e+00 7.923654195090544874e-03
2.249779758297162591e+00 7.908511512452752121e-03
2.257279024158153291e+00 7.962055606474128730e-03
2.264803287572013879e+00 8.038896376339515343e-03
2.272352631863920447e+00 8.020400676065755907e-03
2.279927140636800242e+00 7.893939126257527861e-03
2.287526897772256262e+00 7.962457707885381430e-03
2.295151987431497176e+00 7.958198030741646736e-03
2.302802494056269023e+00 7.937660587234255175e-03
2.310478502369790021e+00 7.796857576023596796e-03
2.318180097377689375e+00 8.040860978525129349e-03
2.325907364368948294e+00 7.953175896115690161e-03
2.333660388916844575e+00 8.001876583784497954e-03
2.341439256879900732e+00 8.081623758712562847e-03
2.349244054402833903e+00 7.972924149136985036e-03
2.357074867917510197e+00 7.947482034276594220e-03
2.364931784143901705e+00 7.900060253909603827e-03
2.372814890091047957e+00 8.054554761026970836e-03
2.380724273058018259e+00 8.052360262365739971e-03
2.388660020634878478e+00 7.912332850704004855e-03
2.396622220703661377e+00 8.005236270326817130e-03
2.404610961439340056e+00 8.003205842095633890e-03
2.412626331310804506e+00 7.844665872607429688e-03
2.420668419081840383e+00 7.918844954198603348e-03
2.428737313812113108e+00 7.889265044321117429e-03
2.436833104858153298e+00 7.970974687443425563e-03
2.444955881874347092e+00 7.878798153859051592e-03
2.453105734813928240e+00 7.997063759512560918e-03
2.461282753929974643e+00 7.985048525044854614e-03
2.469487029776407994e+00 7.936355377051444726e-03
2.477718653208996091e+00 8.067692444246314654e-03
2.485977715386359588e+00 7.844631156444110617e-03
2.494264307770980960e+00 8.035069781831339839e-03
2.502578522130217475e+00 8.044123685742487345e-03
2.510920450537318160e+00 8.160342643489535211e-03
2.519290185372442537e+00 8.327377551829039451e-03
2.527687819323683804e+00 8.093663778565183750e-03
2.536113445388096022e+00 8.552537800616601474e-03
2.544567156872723057e+00 7.868020899774905499e-03
2.553049047395631987e+00 8.585995069156046253e-03
2.561559210886950932e+00 8.593824734269658872e-03
2.570097741589907336e+00 8.558793477327018492e-03
2.578664734061873798e+00 7.904253519937148864e-03
2.587260283175413456e+00 8.540388495645119885e-03
2.595884484119331592e+00 8.572860913050234233e-03
2.604537432399729457e+00 8.282503689412667666e-03
2.613219223841062089e+00 8.303822321516099100e-03
2.621929954587198797e+00 7.937739824641739522e-03
2.630669721102489422e+00 8.523453040674618467e-03
2.639438620172831040e+00 8.067036678919042164e-03
2.648236748906740434e+00 7.976095824393115291e-03
2.657064204736429680e+00 7.924428901666110553e-03
2.665921085418884395e+00 8.305180729212406285e-03
2.674807489036947317e+00 8.279843326801530554e-03
2.683723514000403654e+00 8.385462297164842857e-03
2.692669259047071773e+00 8.262043526658996093e-03
2.701644823243895210e+00 8.439674967143435957e-03
2.710650305988041353e+00 8.067291685085901942e-03
2.719685807008001444e+00 8.358502728308880511e-03
2.728751426364694588e+00 8.070655431143479788e-03
2.737847264452577090e+00 8.027930086865307444e-03
2.746973422000752230e+00 7.916548251418719859e-03
2.756130000074088038e+00 8.576620926650973045e-03
2.765317100074335066e+00 8.133333736648529905e-03
2.774534823741249490e+00 7.844599385551393605e-03
2.783783273153720206e+00 8.228257576924417199e-03
2.793062550730899485e+00 8.319945493510534987e-03
2.802372759233335842e+00 8.588060487207298602e-03
2.811714001764113569e+00 7.910622860257917818e-03
2.821086381769994045e+00 8.508367565205178853e-03
2.830490003042560598e+00 7.865911887209028203e-03
2.839924969719369141e+00 8.043768646854876705e-03
2.849391386285100580e+00 8.390737584710240837e-03
2.858889357572717671e+00 8.027063998742952136e-03
2.868418988764626754e+00 8.306817056262993590e-03
2.877980385393842155e+00 8.259440665810427462e-03
2.887573653345155034e+00 8.230256233301166610e-03
2.897198898856305771e+00 7.860524917458143121e-03
2.906856228519159924e+00 8.057639048014859570e-03
2.916545749280890387e+00 7.856318502395905415e-03
2.926267568445160006e+00 7.659750032517125169e-03
2.936021793673310398e+00 7.627943929818629953e-03
2.945808532985554784e+00 8.009403705557830919e-03
2.955627894762173469e+00 8.127590647375830535e-03
2.965479987744714219e+00 7.741139688645534006e-03
2.975364921037196630e+00 7.997562026275979383e-03
2.985282804107320498e+00 7.882962227696469620e-03
2.995233746787678175e+00 7.754188836971533279e-03
3.005217859276970493e+00 8.028045922098062115e-03
3.015235252141227118e+00 7.950642446247111264e-03
3.025286036315031346e+00 7.804119675318506831e-03
3.035370323102748014e+00 7.866279866278264726e-03
3.045488224179757175e+00 8.153290786409143204e-03
3.055639851593689560e+00 7.885517504609881531e-03
3.065825317765668689e+00 7.912497560225040943e-03
3.076044735491554327e+00 7.847410155650750077e-03
3.086298217943193034e+00 8.003177524662724932e-03
3.096585878669670500e+00 8.099493178703323984e-03
3.106907831598569203e+00 8.087866808029116686e-03
3.117264191037230958e+00 7.911730920773747677e-03
3.127655071674021681e+00 7.993401910046644618e-03
3.138080588579601926e+00 8.009253718975543196e-03
3.148540857208200539e+00 8.341955769829509024e-03
3.159035993398894515e+00 8.075552400587110088e-03
3.169566113376890648e+00 8.181919613484302592e-03
3.180131333754813827e+00 8.074860856981051771e-03
3.190731771533996675e+00 8.259915681271646354e-03
3.201367544105776730e+00 8.513534944857219927e-03
3.212038769252795856e+00 8.572752914574158917e-03
3.222745565150304969e+00 8.309331329457093213e-03
3.233488050367472777e+00 8.228774982393959048e-03
3.244266343868697611e+00 8.308633657157020805e-03
3.255080565014926819e+00 8.212401877537817835e-03
3.265930833564976599e+00 8.137926688613484130e-03
3.276817269676859823e+00 7.994170992127739434e-03
3.287739993909116087e+00 8.014446493433470889e-03
3.298699127222146643e+00 8.093035596161448492e-03
3.309694790979553769e+00 8.216712385680025391e-03
3.320727106949485474e+00 8.563977197691733170e-03
3.331796197305983753e+00 8.463355916812716553e-03
3.342902184630336837e+00 8.269326956717774901e-03
3.354045191912438106e+00 8.156162380550863178e-03
3.365225342552146337e+00 8.061815797410202059e-03
3.376442760360653494e+00 8.055100701753267409e-03
3.387697569561855637e+00 8.036260516183236710e-03
3.398989894793728705e+00 8.028178202597850352e-03
3.410319861109707862e+00 8.099845895304231408e-03
3.421687593980073494e+00 8.098397026614785263e-03
3.433093219293340326e+00 8.196147521254719057e-03
3.444536863357651413e+00 8.228645481419556706e-03
3.456018652902177024e+00 8.183899098839545611e-03
3.467538715078517519e+00 8.128218856572425391e-03
3.479097177462112445e+00 8.350894124529313275e-03
3.490694168053652735e+00 8.343618356696762967e-03
3.502329815280498249e+00 8.307692629171704521e-03
3.514004247998099739e+00 8.065243400782831987e-03
3.525717595491426604e+00 8.022857366954577393e-03
3.537469987476398181e+00 8.028759852913402995e-03
3.549261554101319494e+00 8.045677980834367929e-03
3.561092425948324092e+00 8.033837890507697366e-03
3.572962734034818677e+00 8.123807887806196865e-03
3.584872609814934830e+00 8.085938694732869303e-03
3.596822185180984732e+00 8.039945329518800865e-03
3.608811592464921336e+00 7.983089286702464357e-03
3.620840964439804299e+00 7.920736265350889968e-03
3.632910434321270365e+00 7.885392854857864800e-03
3.645020135769007741e+00 7.894347819199737035e-03
3.657170202888237576e+00 7.834962390065387111e-03
3.669360770231198554e+00 7.831394841542504287e-03
3.681591972798635926e+00 7.795907709028715438e-03
3.693863946041298085e+00 7.790012251047070090e-03
3.706176825861435820e+00 7.885217132590877434e-03
3.718530748614307324e+00 7.749086966382381751e-03
3.730925851109688551e+00 7.867162115750385432e-03
3.743362270613387555e+00 7.764015214322127732e-03
3.755840144848765494e+00 7.709933594524553263e-03
3.768359611998261194e+00 7.693242368736295279e-03
3.780920810704921919e+00 7.739845661808191987e-03
3.793523880073938148e+00 7.698021212723294045e-03
3.806168959674184560e+00 7.736906225121522977e-03
3.818856189539765023e+00 7.753820920809337443e-03
3.831585710171564241e+00 7.648726033695070828e-03
3.844357662538802956e+00 7.712444848065989553e-03
3.857172188080598918e+00 7.709395087852437961e-03
3.870029428707534080e+00 7.647722426647652998e-03
3.882929526803225784e+00 7.691821348181466893e-03
3.895872625225903274e+00 7.683816934489687452e-03
3.908858867309989549e+00 7.638663858553218500e-03
3.921888396867689419e+00 7.658986901993224475e-03
3.934961358190581571e+00 7.595148895384434481e-03
3.948077896051216840e+00 7.578833594879729775e-03
3.961238155704720931e+00 7.586241968221387258e-03
3.974442282890403355e+00 7.642874885982502663e-03
3.987690423833371245e+00 7.566253504506022243e-03
4.000982725246148952e+00 7.541315616229969654e-03
4.014319334330302524e+00 7.602602319655529448e-03
4.027700398778070401e+00 7.595019615065704693e-03
4.041126066773997216e+00 7.611920206799473697e-03
4.054596486996577376e+00 7.583258878110313468e-03
4.068111808619899072e+00 7.504109773779611692e-03
4.081672181315298964e+00 7.557186525091444743e-03
4.095277755253016849e+00 7.599188835967708028e-03
4.108928681103860114e+00 7.515031342694164854e-03
4.122625110040872620e+00 7.466410521536278287e-03
4.136367193741008919e+00 7.464189203760192293e-03
4.150155084386812021e+00 7.557325845699170569e-03
4.163988934668101827e+00 7.533338617273746540e-03
4.177868897783661772e+00 7.659941214505006611e-03
4.191795127442940583e+00 7.906117043856051435e-03
4.205767777867750468e+00 8.062132732337419505e-03
4.219787003793975977e+00 8.141487996334437899e-03
4.233852960473289073e+00 8.035695097729403380e-03
4.247965803674866869e+00 8.133873034955819287e-03
4.262125689687116470e+00 8.077156439902978893e-03
4.276332775319406920e+00 8.133416636764577781e-03
4.290587217903804707e+00 8.112551752125598745e-03
4.304889175296817250e+00 8.173733379607573540e-03
4.319238805881139953e+00 8.117975031521588655e-03
4.333636268567410355e+00 8.068862367263601038e-03
4.348081722795968496e+00 8.069370948702353843e-03
4.362575328538621733e+00 8.006153792608499895e-03
4.377117246300417541e+00 7.943956648060478826e-03
4.391707637121418983e+00 7.953676913369065946e-03
4.406346662578489948e+00 7.935626632349212367e-03
4.421034484787084828e+00 8.041779014174065335e-03
4.435771266403041757e+00 8.042356020194974670e-03
4.450557170624385606e+00 8.219339619888551066e-03
4.465392361193133652e+00 8.228631628555459557e-03
4.480277002397111019e+00 7.729489248332612264e-03
4.495211259071767884e+00 8.351936404063262792e-03
4.510195296602007353e+00 7.783517874924094325e-03
4.525229280924014219e+00 8.473598311717820547e-03
4.540313378527094379e+00 8.432812323627901854e-03
4.555447756455517805e+00 7.579616695208627603e-03
4.570632582310369507e+00 8.278140037166510992e-03
4.585868024251404051e+00 8.425835500631631211e-03
4.601154250998908957e+00 8.484483872725609790e-03
4.616491431835571646e+00 8.501230242547279381e-03
4.631879736608357057e+00 8.042950062094645497e-03
4.647319335730385248e+00 8.172951738299929353e-03
4.662810400182819670e+00 7.805645243091729850e-03
4.678353101516762536e+00 7.775451757090007937e-03
4.693947611855151969e+00 7.639089565781703554e-03
4.709594103894668926e+00 8.340424671333840009e-03
4.725292750907651218e+00 8.479338560610177530e-03
4.741043726744010200e+00 7.841799822155954419e-03
4.756847205833157233e+00 8.335779850664715510e-03
4.772703363185934577e+00 8.499626705134696869e-03
4.788612374396554294e+00 8.088483358772827897e-03
4.804574415644542462e+00 8.382365828596383475e-03
4.820589663696690508e+00 7.815762568085500919e-03
4.836658295909012750e+00 7.702539007596075245e-03
4.852780490228709276e+00 8.313465269968709631e-03
4.868956425196138582e+00 7.743395255794451731e-03
4.885186279946791998e+00 8.108063008766701329e-03
4.901470234213281429e+00 8.034156259632319746e-03
4.917808468327325322e+00 7.944298177707038999e-03
4.934201163221749731e+00 7.938382221643716305e-03
4.950648500432488497e+00 7.911807198058576351e-03
4.967150662100596747e+00 8.201095638776268251e-03
4.983707830974265285e+00 7.817327485087536762e-03
5.000320190410846521e+00 7.890212032371732645e-03
5.016987924378883079e+00 8.261482818647991958e-03
5.033711217460146159e+00 7.703178875781093241e-03
5.050490254851680128e+00 7.594608354088491255e-03
5.067325222367852433e+00 7.879747653552022710e-03
5.084216306442411515e+00 7.929246424359940454e-03
5.101163694130552706e+00 7.869813630704550894e-03
5.118167573110987689e+00 7.678632637414226775e-03
5.135228131688024611e+00 7.991122709463456542e-03
5.152345558793651747e+00 7.738706842826587745e-03
5.169520043989630942e+00 7.909562805236006536e-03
5.186751777469596369e+00 8.096722197826375714e-03
5.204040950061161297e+00 8.290660866080341168e-03
5.221387753228031947e+00 8.294738776380235559e-03
5.238792379072125804e+00 8.043597820109410490e-03
5.256255020335699690e+00 8.176770224658088879e-03
5.273775870403484944e+00 8.110750538427049378e-03
5.291355123304829711e+00 8.414895522298715055e-03
5.308992973715845665e+00 7.836693701580970881e-03
5.326689616961565399e+00 7.771177284343519856e-03
5.344445249018104249e+00 8.344965937398234751e-03
5.362260066514831003e+00 8.068537709076008604e-03
5.380134266736547488e+00 8.199214937540399289e-03
5.398068047625669053e+00 7.897481785692510650e-03
5.416061607784421028e+00 8.281844962520049785e-03
5.434115146477036085e+00 7.938516035114744074e-03
5.452228863631959577e+00 8.020245103981195681e-03
5.470402959844066437e+00 8.062141198901371167e-03
5.488637636376879847e+00 8.093219489204928757e-03
5.506933095164802339e+00 8.030985280276473071e-03
5.525289538815351342e+00 8.112373911794651046e-03
5.543707170611402724e+00 8.253588113515356040e-03
5.562186194513440540e+00 8.109685030882307286e-03
5.580726815161818344e+00 8.252932783050517807e-03
5.599329237879024035e+00 8.260612398808897874e-03
5.617993668671954488e+00 7.872695785494297077e-03
5.636720314234194618e+00 7.802461050899589350e-03
5.655509381948308878e+00 8.620212114576140602e-03
5.674361079888136317e+00 8.502945406487659105e-03
5.693275616821097174e+00 8.434875511305773427e-03
5.712253202210501257e+00 8.483902444121806802e-03
5.731294046217869642e+00 8.355853934163201546e-03
5.750398359705262585e+00 8.292307500397272726e-03
5.769566354237613659e+00 8.452659161069317126e-03
5.788798242085072765e+00 7.929540262418073929e-03
5.808094236225356255e+00 8.172319135132048717e-03
5.827454550346107709e+00 8.379027701817145027e-03
5.846879398847261378e+00 8.306762244338159601e-03
5.866368996843418948e+00 8.407123853268789679e-03
5.885923560166230750e+00 8.227216927784412534e-03
5.905543305366784956e+00 8.079939903031572654e-03
5.925228449718007440e+00 8.228606826404926550e-03
5.944979211217067849e+00 8.220802622399213042e-03
5.964795808587791015e+00 8.400679560189151449e-03
5.984678461283083450e+00 8.127744793925409036e-03
6.004627389487360745e+00 8.081230477312932245e-03
6.024642814118985612e+00 8.185784268689292806e-03
6.044724956832715712e+00 8.471703547124932732e-03
6.064874040022157686e+00 8.244255035327075279e-03
6.085090286822231853e+00 8.099096537893908307e-03
6.105373921111639568e+00 8.355154950574652031e-03
6.125725167515344793e+00 7.901814618459363643e-03
6.146144251407062775e+00 8.035707524593316275e-03
6.166631398911753159e+00 8.124082664988683394e-03
6.187186836908125542e+00 8.371538503995513275e-03
6.207810793031153018e+00 8.013863606986788499e-03
6.228503495674590162e+00 7.923153877885009966e-03
6.249265173993505229e+00 7.940034566437192617e-03
6.270096057906816789e+00 8.141904920655211944e-03
6.290996378099839248e+00 8.105698017849702341e-03
6.311966366026839026e+00 7.810105161064092964e-03
6.333006253913595174e+00 7.928980251936029733e-03
6.354116274759974203e+00 7.968508180155450468e-03
6.375296662342507581e+00 8.211166101646079352e-03
6.396547651216982544e+00 7.894022747657398337e-03
6.417869476721039135e+00 8.527402602361755860e-03
6.439262374976776115e+00 8.042636650161770484e-03
6.460726582893365766e+00 8.055426568684152799e-03
6.482262338169676674e+00 8.457979662529667431e-03
6.503869879296908962e+00 8.304093712802726804e-03
6.525549445561232176e+00 8.479604028936396642e-03
6.547301277046436496e+00 8.503636993618788123e-03
6.569125614636591060e+00 8.419981587312079171e-03
6.591022700018712932e+00 8.517311900653912193e-03
6.612992775685442304e+00 8.597187826730873922e-03
6.635036084937727452e+00 8.630016174781894589e-03
6.657152871887519474e+00 8.471975646869456950e-03
6.679343381460477680e+00 7.998760255030488639e-03
6.701607859398679423e+00 8.356968933193058627e-03
6.723946552263341481e+00 8.412152573425974236e-03
6.746359707437552977e+00 8.272301528590672234e-03
6.768847573129011863e+00 8.461439490384324580e-03
6.791410398372775603e+00 8.502493114700103438e-03
6.814048433034018082e+00 8.337449400287456208e-03
6.836761927810798056e+00 8.281046177034533107e-03
6.859551134236833825e+00 8.586102533220061825e-03
6.882416304684290331e+00 8.143692010801619266e-03
6.905357692366571598e+00 8.504878169966954143e-03
6.928375551341126481e+00 7.979667693836801565e-03
6.951470136512263309e+00 8.079508581411430287e-03
6.974641703633970735e+00 8.236046621882152016e-03
6.997890509312751028e+00 8.163601524099301648e-03
7.021216811010460468e+00 8.492213804808530775e-03
7.044620867047162172e+00 8.579171108098989848e-03
7.068102936603986031e+00 8.039784093485663127e-03
7.091663279725999303e+00 8.343856142885153551e-03
7.115302157325086085e+00 8.441380102870139554e-03
7.139019831182836562e+00 8.229350266963983765e-03
7.162816563953446014e+00 8.419591493200213883e-03
7.186692619166624496e+00 8.315051850513625192e-03
7.210648261230513612e+00 8.418021890077519859e-03
7.234683755434615726e+00 8.359993225235569370e-03
7.258799367952731174e+00 8.475092779780842370e-03
7.282995365845907010e+00 8.421249698537676062e-03
7.307272017065393754e+00 8.434807601412472669e-03
7.331629590455611911e+00 8.395304756664976470e-03
7.356068355757130917e+00 8.325235672639392376e-03
7.380588583609654307e+00 8.435744342240565977e-03
7.405190545555019987e+00 8.347681821854757017e-03
7.429874514040203159e+00 8.391844489936942444e-03
7.454640762420337019e+00 8.484431471978946121e-03
7.479489564961737891e+00 8.559273502130740688e-03
7.504421196844943687e+00 8.392870375702498817e-03
7.529435934167760358e+00 8.272793081337463314e-03
7.554534053948319894e+00 8.289637120619771857e-03
7.579715834128147200e+00 8.368166302945951110e-03
7.604981553575241193e+00 8.448433870950271957e-03
7.630331492087158551e+00 8.174970748876218135e-03
7.655765930394116126e+00 8.581306860891030688e-03
7.681285150162096897e+00 8.442290181023799980e-03
7.706889433995970151e+00 8.498943602127653416e-03
7.732579065442623190e+00 8.453258887442513525e-03
7.758354328994098381e+00 8.407943991950078688e-03
7.784215510090745305e+00 8.267090724146768099e-03
7.810162895124380888e+00 8.397870458373382641e-03
7.836196771441461983e+00 8.291891840597786709e-03
7.862317427346266818e+00 8.312087884215633993e-03
7.888525152104088001e+00 8.417487806413537915e-03
7.914820235944435289e+00 8.322816718144481624e-03
7.941202970064249911e+00 8.365275698885159955e-03
7.967673646631130424e+00 8.296968699917367171e-03
7.994232558786567466e+00 8.069538102800540014e-03
8.020880000649189157e+00 8.323506893900343984e-03
8.047616267318019823e+00 8.353227245546910457e-03
8.074441654875746721e+00 8.276293082646610580e-03
8.101356460391999192e+00 8.146887120074532140e-03
8.128360981926638473e+00 8.339132859283542726e-03
8.155455518533059944e+00 8.295823897741066294e-03
8.182640370261504259e+00 8.314580120682311601e-03
8.209915838162375579e+00 8.249516904957674909e-03
8.237282224289582899e+00 8.148672385830741521e-03
8.264739831703881379e+00 8.275228041346336869e-03
8.292288964476227875e+00 8.016467850846750037e-03
8.319929927691148919e+00 8.257939926561940619e-03
8.347663027450119344e+00 8.140919467886567965e-03
8.375488570874953353e+00 8.112508158126996785e-03
8.403406866111202689e+00 8.074263115271564789e-03
8.431418222331572565e+00 8.059369731330090492e-03
8.459522949739344710e+00 8.162270493095301685e-03
8.487721359571809288e+00 8.067078067854314277e-03
8.516013764103714578e+00 8.138448358232824864e-03
8.544400476650727327e+00 8.086819922825437892e-03
8.572881811572896638e+00 8.041628088641887551e-03
8.601458084278139182e+00 7.956586592230063468e-03
8.630129611225733299e+00 8.195774275139877316e-03
8.658896709929818414e+00 8.015873376684464618e-03
8.687759698962917554e+00 8.043003351389741915e-03
8.716718897959459866e+00 7.933043080003351899e-03
8.745774627619324448e+00 7.909936468084200964e-03
8.774927209711389509e+00 8.039788281834001418e-03
8.804176967077093963e+00 8.053412970374469390e-03
8.833524223634016792e+00 7.931255698214708175e-03
8.862969304379463509e+00 7.865245835138234484e-03
8.892512535394061501e+00 7.786147261291039359e-03
8.922154243845374921e+00 7.916033821113367674e-03
8.951894757991526674e+00 8.058205023468391001e-03
8.981734407184831070e+00 7.930062326672746020e-03
9.011673521875447790e+00 7.817622834500057363e-03
9.041712433615032296e+00 7.737499242357539532e-03
9.071851475060416448e+00 8.016133451275411076e-03
9.102090979977283780e+00 7.734859311638635215e-03
9.132431283243874987e+00 7.987982721669100589e-03
9.162872720854688069e+00 7.956873168185435788e-03
9.193415629924203358e+00 7.670815511489899145e-03
9.224060348690617417e+00 7.906289061217671929e-03
9.254807216519585822e+00 7.759396519775814405e-03
9.285656573907983713e+00 7.877926985838496279e-03
9.316608762487676998e+00 7.938329776728852288e-03
9.347664125029302440e+00 7.823801775153191654e-03
9.378823005446067285e+00 8.094931634693547373e-03
9.410085748797554217e+00 7.669650187346705936e-03
9.441452701293545857e+00 7.945186584452744796e-03
9.472924210297858139e+00 7.865519089614463055e-03
9.504500624332184344e+00 7.774388733849619225e-03
9.536182293079958683e+00 7.749804755123117575e-03
9.567969567390225194e+00 7.859909834975651113e-03
9.599862799281526193e+00 7.703267154980350355e-03
9.631862341945797823e+00 7.706179308681641513e-03
9.663968549752283366e+00 7.867510339837072847e-03
9.696181778251457217e+00 7.846433805664458638e-03
9.728502384178961293e+00 7.682366810655144942e-03
9.760930725459557422e+00 7.660234538460029309e-03
9.793467161211088623e+00 7.543579327968133463e-03
9.826112051748458143e+00 7.795871481942485276e-03
9.858865758587619155e+00 7.722481612181960296e-03
9.891728644449578667e+00 8.029374318885578246e-03
9.924701073264410311e+00 7.907699002507730807e-03
9.957783410175292005e+00 7.531940660955206354e-03
9.990976021542543606e+00 7.653711846863184287e-03
1.002427927494768589e+01 7.643001091562676673e-03
1.005769353919751197e+01 7.749616116952822396e-03
1.009121918432817111e+01 7.664767436661250842e-03
1.012485658160926505e+01 7.719754241797259844e-03
1.015860610354796201e+01 7.612995313893237796e-03
1.019246812389312140e+01 7.510704414924460233e-03
1.022644301763943098e+01 7.599811099644765248e-03
1.026053116103156171e+01 7.625477853548746736e-03
1.029473293156833336e+01 7.826793234913410197e-03
1.032904870800689423e+01 7.970299934306096165e-03
1.036347887036691695e+01 8.203094457381076773e-03
1.039802379993480663e+01 8.135065737436050076e-03
1.043268387926792329e+01 8.110171330683231886e-03
1.046745949219881666e+01 7.976319562640178315e-03
1.050235102383947883e+01 8.005016530713454301e-03
1.053735886058561100e+01 7.918550379706545614e-03
1.057248339012089566e+01 7.970189587677955698e-03
1.060772500142129893e+01 7.819338514216888150e-03
1.064308408475936929e+01 7.878895667953743007e-03
1.067856103170856663e+01 7.957760654043802978e-03
1.071415623514759474e+01 8.064906431837725459e-03
1.074987008926475340e+01 8.113105799501295692e-03
1.078570298956230289e+01 8.109450153082739879e-03
1.082165533286084447e+01 7.970632813334082439e-03
1.085772751730371333e+01 8.095386219674146483e-03
1.089391994236139283e+01 7.971661779700274508e-03
1.093023300883593052e+01 7.985278726601341762e-03
1.096666711886538437e+01 8.012575687575925962e-03
1.100322267592826897e+01 7.966699815039612886e-03
1.103990008484803020e+01 8.073807759739801138e-03
1.107669975179752342e+01 7.688051219397975047e-03
1.111362208430351473e+01 7.836565978912629973e-03
1.115066749125119294e+01 7.682915176245099474e-03
1.118783638288869753e+01 7.516307774379397261e-03
1.122512917083166073e+01 7.757833635551472998e-03
1.126254626806776571e+01 7.984685037224220280e-03
1.130008808896132422e+01 7.705833334267013848e-03
1.133775504925786137e+01 7.554329372022607417e-03
1.137554756608872175e+01 7.867673519199468515e-03
1.141346605797568436e+01 7.611971817611886543e-03
1.145151094483560250e+01 7.888426090519326875e-03
1.148968264798505423e+01 7.604686018382135482e-03
1.152798159014500357e+01 7.985431868579298195e-03
1.156640819544548648e+01 7.877482743174391705e-03
1.160496288943030407e+01 7.735789425293262273e-03
1.164364609906173875e+01 8.072784875174019575e-03
1.168245825272527760e+01 7.643355200023169149e-03
1.172139978023436235e+01 8.172553352468723414e-03
1.176047111283514290e+01 7.946147817901476340e-03
1.179967268321125928e+01 7.940153737234853168e-03
1.183900492548863070e+01 7.671862345225393190e-03
1.187846827524025883e+01 7.803878345081717745e-03
1.191806316949105948e+01 7.615802717081303699e-03
1.195779004672269608e+01 7.800191556494455274e-03
1.199764934687843798e+01 7.911601917471016571e-03
1.203764151136803306e+01 7.752684905920845422e-03
1.207776698307259267e+01 8.123071439798843982e-03
1.211802620634950145e+01 7.748333979762996905e-03
1.215841962703733259e+01 7.698557832484264653e-03
1.219894769246078958e+01 7.674123600284787731e-03
1.223961085143565874e+01 7.996783812369076885e-03
1.228040955427377767e+01 8.065782902554441414e-03
1.232134425278802325e+01 7.776122802128251736e-03
1.236241540029731745e+01 7.875058805524113442e-03
1.240362345163164193e+01 8.088709442204623096e-03
1.244496886313708117e+01 8.077775588349166841e-03
1.248645209268087086e+01 7.695468811161685144e-03
1.252807359965647294e+01 8.068825666278535771e-03
1.256983384498866130e+01 7.935903521412887920e-03
1.261173329113862351e+01 7.769280486855001562e-03
1.265377240210908560e+01 7.672534110220527968e-03
1.269595164344944926e+01 7.991694565393109642e-03
1.273827148226094685e+01 8.009324874156007953e-03
1.278073238720181592e+01 7.731219416589074113e-03
1.282333482849248796e+01 7.939558321457974160e-03
1.286607927792079664e+01 7.971894618301215985e-03
1.290896620884719859e+01 7.806997604507976210e-03
1.295199609621002246e+01 7.795530000213712896e-03
1.299516941653072166e+01 7.906585877294742756e-03
1.303848664791915724e+01 8.220988576994305019e-03
1.308194827007888783e+01 7.765439766339002521e-03
1.312555476431248458e+01 7.937886973259975984e-03
1.316930661352686016e+01 7.856284129430311791e-03
1.321320430223861564e+01 7.898983502336507506e-03
1.325724831657941039e+01 7.913491134457552659e-03
1.330143914430134089e+01 8.236432449646554493e-03
1.334577727478234621e+01 7.844748484816451220e-03
1.339026319903162054e+01 7.762958974523185597e-03
1.343489740969505952e+01 8.186675780477045000e-03
1.347968040106071008e+01 8.228901421658101067e-03
1.352461266906424520e+01 7.745839614914035512e-03
1.356969471129445992e+01 7.914791348704059565e-03
1.361492702699877455e+01 8.040580216778022912e-03
1.366031011708876974e+01 7.886670968015527250e-03
1.370584448414573231e+01 8.099081046823707400e-03
1.375153063242621876e+01 7.912737723156513386e-03
1.379736906786764017e+01 7.741571934754368570e-03
1.384336029809386481e+01 7.912043036890494679e-03
1.388950483242084388e+01 7.864083814149979215e-03
1.393580318186224609e+01 7.845226504046938151e-03
1.398225585913512070e+01 7.925663954443190606e-03
1.402886337866557120e+01 7.995455697085082636e-03
1.407562625659445565e+01 7.919177407386438286e-03
1.412254501078310298e+01 8.005442401750523240e-03
1.416962016081904707e+01 8.090822635810934402e-03
1.421685222802177684e+01 8.234588727048200441e-03
1.426424173544851648e+01 7.811828498332436775e-03
1.431178920790001108e+01 8.077959056840599075e-03
1.435949517192634417e+01 8.088334721762725082e-03
1.440736015583276597e+01 8.142528642583178947e-03
1.445538468968554113e+01 7.980086277468205480e-03
1.450356930531782673e+01 8.274670085132268885e-03
1.455191453633555199e+01 7.986048721986424570e-03
1.460042091812333709e+01 7.913581441134014127e-03
1.464908898785041558e+01 8.052214122320877632e-03
1.469791928447658336e+01 7.977292810502273346e-03
1.474691234875817258e+01 7.817980759995211276e-03
1.479606872325403266e+01 8.059100075156533372e-03
1.484538895233154676e+01 7.982216458501750767e-03
1.489487358217265189e+01 8.306061124763198036e-03
1.494452316077989451e+01 8.167148439982016908e-03
1.499433823798249499e+01 8.125274732669317615e-03
1.504431936544243698e+01 8.026014905634858490e-03
1.509446709666057806e+01 7.923447872662556929e-03
1.514478198698278000e+01 7.918100628629506921e-03
1.519526459360605664e+01 8.024324980084840755e-03
1.524591547558474325e+01 7.892392006262885853e-03
1.529673519383669245e+01 7.789772159406552557e-03
1.534772431114948077e+01 8.227946887530819542e-03
1.539888339218664548e+01 8.157250521004532490e-03
1.545021300349393378e+01 8.127765699531521587e-03
1.550171371350558047e+01 7.849923664497002532e-03
1.555338609255059978e+01 8.260572015431602924e-03
1.560523071285910213e+01 8.173149390643709433e-03
1.565724814856863212e+01 7.962064437961205096e-03
1.570943897573052794e+01 8.157535925983470937e-03
1.576180377231629670e+01 8.327748588964236157e-03
1.581434311822401817e+01 8.189044045790572213e-03
1.586705759528476456e+01 7.958069108551436843e-03
1.591994778726904691e+01 8.001108987751802057e-03
1.597301427989327749e+01 8.288348118639914802e-03
1.602625766082625347e+01 7.833243755158727367e-03
