2.456196077569229994e+06
2.456196078819230199e+06
2.456196080069229938e+06
2.456196081319230143e+06
2.456196082569229882e+06
2.456196083819230087e+06
2.456196085069229826e+06
2.456196086319230031e+06
2.456196087569230236e+06
2.456196088819229975e+06
2.456196120578490198e+06
2.456196121828489937e+06
2.456196123078490142e+06
2.456196124328489881e+06
2.456196125578490086e+06
2.456196126828489825e+06
2.456196128078490030e+06
2.456196129328490235e+06
2.456196130578489974e+06
2.456196131828490179e+06
2.456196133078489918e+06
2.456196134328490123e+06
2.456196135578489862e+06
2.456196136828490067e+06
2.456196138078489807e+06
2.456196139328490011e+06
2.456196140578490216e+06
2.456196141828489956e+06
2.456196143078490160e+06
2.456196144328489900e+06
2.456196145578490105e+06
2.456196146828489844e+06
2.456196148078490049e+06
2.456196149328489788e+06
2.456196150578489993e+06
2.456196151828490198e+06
2.456196153078489937e+06
2.456196154328490142e+06
2.456196187059970107e+06
2.456196188309969846e+06
2.456196189559970051e+06
2.456196190809969790e+06
2.456196192059969995e+06
2.456196193309970200e+06
2.456196194559969939e+06
2.456196195809970144e+06
2.456196197059969883e+06
2.456196198309970088e+06
2.456196199559969828e+06
2.456196200809970032e+06
2.456196202059969772e+06
2.456196203309969977e+06
2.456196204559970181e+06
2.456196205809969921e+06
2.456196207059970126e+06
2.456196208309969865e+06
2.456196209559970070e+06
2.456196210809969809e+06
2.456196253541450016e+06
2.456196254791450221e+06
2.456196256041449960e+06
2.456196257291450165e+06
2.456196258541449904e+06
2.456196259791450109e+06
2.456196261041449849e+06
2.456196262291450053e+06
2.456196263541449793e+06
2.456196264791449998e+06
2.456196266041450202e+06
2.456196267291449942e+06
2.456196268541450147e+06
2.456196269791449886e+06
2.456196271041450091e+06
2.456196272291449830e+06
2.456196273541450035e+06
2.456196274791449774e+06
2.456196276041449979e+06
2.456196277291450184e+06
2.456196278541449923e+06
2.456196279791450128e+06
2.456196281041449867e+06
2.456196282291450072e+06
2.456196283541449811e+06
2.456196284791450016e+06
2.456196286041450221e+06
2.456196287291449960e+06
2.456196320034409873e+06
2.456196321284410078e+06
2.456196322534409817e+06
2.456196323784410022e+06
2.456196325034410227e+06
2.456196326284409966e+06
2.456196327534410171e+06
2.456196328784409910e+06
2.456196330034410115e+06
2.456196331284409855e+06
2.456196332534410059e+06
2.456196333784409799e+06
2.456196335034410004e+06
2.456196336284410208e+06
2.456196337534409948e+06
2.456196338784410153e+06
2.456196340034409892e+06
2.456196341284410097e+06
2.456196342534409836e+06
2.456196343784410041e+06
2.456196345034409780e+06
2.456196346284409985e+06
2.456196347534410190e+06
2.456196348784409929e+06
2.456196350034410134e+06
2.456196351284409873e+06
2.456196352534410078e+06
2.456196353784409817e+06
2.456196386515900027e+06
2.456196387765900232e+06
2.456196389015899971e+06
2.456196390265900176e+06
2.456196391515899915e+06
2.456196392765900120e+06
2.456196394015899859e+06
