4.574293043317790080e+02
4.574109610933439853e+02
4.573729623523516921e+02
4.573597510897930078e+02
4.574462830427311815e+02
4.574483216642693719e+02
4.574639569629691778e+02
4.574109379242951263e+02
4.573952795751471854e+02
4.574305079034022015e+02
4.574341561119384778e+02
4.574829121450587763e+02
4.574101019614091115e+02
4.574373822464157229e+02
4.573695072109475177e+02
4.574559533068809856e+02
4.574143762280439773e+02
4.574073273650274132e+02
4.574116030277658069e+02
4.573502521867862924e+02
4.573376873236148867e+02
4.573532067775294081e+02
4.573274702187408138e+02
4.573484329731165872e+02
4.572973972012907780e+02
4.573287676075826198e+02
4.572825202482385976e+02
4.572804159062706049e+02
4.572551652346771789e+02
4.572966622670506922e+02
4.572817410979400279e+02
4.573115261972321264e+02
4.572910686623663992e+02
4.572946097936240903e+02
4.573096475999521999e+02
4.573064264159564232e+02
4.573364077351030232e+02
4.572713857210795823e+02
4.573359161785995752e+02
4.573326498235605868e+02
4.573534179268571052e+02
4.573701580840735801e+02
4.573204771973786933e+02
4.573072540241823845e+02
4.573837093976732149e+02
4.572558587271478814e+02
4.573214485924664245e+02
4.572840429526692105e+02
4.572801481471403804e+02
4.572450334830406860e+02
4.572670404202128793e+02
4.571991915125997821e+02
4.571366331739558859e+02
4.572137106868502769e+02
4.571443080069306006e+02
4.572361382747262724e+02
4.572006546827653892e+02
4.572191881865645087e+02
4.572540270412799259e+02
4.573012251512706143e+02
4.572430915835515179e+02
4.572537453101089113e+02
4.572588707508436983e+02
4.572299162563344908e+02
4.573004978796432169e+02
4.571756074924965105e+02
4.571990187657785896e+02
4.571895601360449177e+02
4.572073977215267178e+02
4.571557990559442146e+02
4.571745530648269096e+02
4.571666078300779077e+02
4.571255639871383210e+02
4.571117327173358262e+02
4.571243765863325166e+02
4.570784742647513781e+02
4.570657151188730722e+02
4.570972568597128998e+02
4.570819199347026824e+02
4.571533232112516885e+02
4.571317695366487897e+02
4.571109949615579922e+02
4.571586754209237142e+02
4.571519330078687062e+02
4.571345304883921017e+02
4.571416718069605736e+02
4.572624523212471104e+02
4.572509975383517258e+02
4.572593115178830772e+02
4.572707536155231196e+02
4.572381192937572791e+02
4.572221158179991107e+02
4.571946158042852062e+02
4.571799266010560814e+02
4.571758001124214275e+02
4.571610058776325900e+02
4.571796588614989219e+02
4.571683807968271935e+02
4.571271616985536070e+02
4.571079672347452743e+02
4.571407747855171806e+02
4.570804872887223951e+02
4.571170625948773250e+02
4.570905176199112816e+02
4.570937130137917279e+02
4.571138338497742097e+02
4.571370892845226876e+02
4.571331388845629817e+02
4.570952530977531865e+02
4.570661864070229967e+02
4.571398852216424871e+02
4.571461726128715100e+02
4.571457619121906077e+02
4.571327116204246863e+02
4.572060237353827006e+02
4.571541960648489749e+02
4.571790637020396844e+02
4.571993448091549226e+02
4.571191610434843824e+02
4.571297089553040109e+02
4.570947476820517181e+02
