4.783900798630867257e+00
4.799478762446544700e+00
4.813939887307264520e+00
4.841090223996603825e+00
4.826544336769075905e+00
4.811821750307326617e+00
4.768948055232068661e+00
4.795119975239672705e+00
4.807905138289364722e+00
4.939018256559807973e+00
6.452681127488379964e+00
6.023061348234721279e+00
5.665999817006676764e+00
5.381870495811651445e+00
5.218728828803330444e+00
5.077912290806455786e+00
4.954980641424628018e+00
4.932506718763128184e+00
4.875595612358599062e+00
4.875111044514284231e+00
4.841567392138581560e+00
4.868039558567593517e+00
4.849581319402203050e+00
4.825826142504575422e+00
4.781566964882721038e+00
4.819062777205150638e+00
4.836382056987548417e+00
4.816816529375667066e+00
4.775430064115005813e+00
4.835667579975413410e+00
4.771057595518175098e+00
4.831832860318534095e+00
4.830422782340895616e+00
4.844053167388591596e+00
4.810405271156893647e+00
4.860422592539589637e+00
4.820384500187813615e+00
4.846833414763100478e+00
6.509551798455939675e+00
6.070122052265801038e+00
5.715835635780312174e+00
5.396658606877458020e+00
5.193644302461281725e+00
5.090529025476396185e+00
4.969054670806325902e+00
4.897151883113024518e+00
4.910824777132153152e+00
4.876028674959025366e+00
4.842952526631142618e+00
4.845075999022523838e+00
4.818641951939413026e+00
4.807893431254342431e+00
4.815994914265261606e+00
4.881700915495107651e+00
4.846455904238336387e+00
4.832682866073233718e+00
4.805652174240742980e+00
4.818285418940586595e+00
6.354392220807966396e+00
5.979186211961292408e+00
5.627098440602936513e+00
5.338310752694312100e+00
5.167225692453099484e+00
5.098237649596195631e+00
4.948574684550933078e+00
4.906095810044480920e+00
4.852537248907446532e+00
4.799744214806828779e+00
4.770619526005533295e+00
4.805601991547626461e+00
4.800345045502460550e+00
4.791212261991587340e+00
4.764810098669887140e+00
4.744767703043871521e+00
4.810150152642191479e+00
4.774693828975130394e+00
4.732954730037517876e+00
4.767040018723553096e+00
4.773807788812556296e+00
4.758933573754979385e+00
4.756123180489486124e+00
4.763220066069092873e+00
4.795451582864082241e+00
4.797206300554108793e+00
4.771856646233683108e+00
4.793516622070692179e+00
6.443267547071250156e+00
6.023690499511964447e+00
5.632730956986929272e+00
5.368564408660378540e+00
5.207843013920179231e+00
5.039142782007499655e+00
4.944195143181738139e+00
4.928110453377939848e+00
4.876143852838509929e+00
4.891851610123993055e+00
4.786431445160671316e+00
4.826645022741325342e+00
4.802450835788866002e+00
4.826162327428972887e+00
4.825376154907415227e+00
4.803902193201108339e+00
4.811664869780577725e+00
4.847844328455433782e+00
4.841192753147656624e+00
4.819711061175000921e+00
4.832576657037953360e+00
4.848601213309512659e+00
4.860580327189924610e+00
4.821872442740994025e+00
4.876991999370307695e+00
4.808314603358676997e+00
4.891932920540016383e+00
4.857953519374476059e+00
6.725856237506214086e+00
6.194324315227726530e+00
5.778285707693014750e+00
5.489156972256556521e+00
5.206983698809231065e+00
5.047587611153895537e+00
5.028060938071519992e+00
