4.574271984329446923e+02
4.574184479440418727e+02
4.573994629174430884e+02
4.573926428943399856e+02
4.574361485101920266e+02
4.574375407000136988e+02
4.574453192741623866e+02
4.574186113113036072e+02
4.574111000141779186e+02
4.574282860664608279e+02
4.574300942393675200e+02
4.574547741168946118e+02
4.574178196528209241e+02
4.574317544439093126e+02
4.573974631056854037e+02
4.574408967096288166e+02
4.574202395980141773e+02
4.574161701758782215e+02
4.574187203710740164e+02
4.573875802069969723e+02
4.573809564141242276e+02
4.573886600735763182e+02
4.573758424730261822e+02
4.573860787041796812e+02
4.573608477406867792e+02
4.573765697884546739e+02
4.573529510010858985e+02
4.573521837504852101e+02
4.573395585767698890e+02
4.573600603890100729e+02
4.573528857602235007e+02
4.573678962055976740e+02
4.573578057137440283e+02
4.573596085436478802e+02
4.573672467969469153e+02
4.573653615678703090e+02
4.573806655968945165e+02
4.573480683207607740e+02
4.573793891767476794e+02
4.573778087607603879e+02
4.573882725410493890e+02
4.573968320451551222e+02
4.573719310007052741e+02
4.573647704194891048e+02
4.574036525677763052e+02
4.573389008143143997e+02
4.573718509769386174e+02
4.573527730018300872e+02
4.573510578158835074e+02
4.573333180683628143e+02
4.573444980767789048e+02
4.573103738939408913e+02
4.572790421180507110e+02
4.573177126459240185e+02
4.572829785676806864e+02
4.573284016259223108e+02
4.573108698097149727e+02
4.573199430474135738e+02
4.573366984982516783e+02
4.573607444623947913e+02
4.573316138823976189e+02
4.573368812792916174e+02
4.573398089169585887e+02
4.573248640989910996e+02
4.573603489950231165e+02
4.572976796830594139e+02
4.573093433758173205e+02
4.573046571821749922e+02
4.573133137869050984e+02
4.572879912669027931e+02
4.572968700660427999e+02
4.572926171884137148e+02
4.572715183493667723e+02
4.572659478516980016e+02
4.572718643747310807e+02
4.572492368106916274e+02
4.572427514998008178e+02
4.572586794286505096e+02
4.572512799561450265e+02
4.572862369844974069e+02
4.572751640955876269e+02
4.572657917945322765e+02
4.572890194311800087e+02
4.572858461204256173e+02
4.572776679133461926e+02
4.572808714371188898e+02
4.573399890683260196e+02
4.573344706585560857e+02
4.573388159371305051e+02
4.573442238017041177e+02
4.573280401908050976e+02
4.573201965803323787e+02
4.573060148978705115e+02
4.572980152437847892e+02
4.572964082667107277e+02
4.572885972418756069e+02
4.572985864931729907e+02
4.572925384935754209e+02
4.572722854402848043e+02
4.572626455214099224e+02
4.572782398952031144e+02
4.572490130628593761e+02
4.572673074016034889e+02
4.572530385386667149e+02
4.572558091980890822e+02
4.572659540123161150e+02
4.572765024524691739e+02
4.572750498144969242e+02
4.572567093398603788e+02
4.572422280571780107e+02
4.572781694575343749e+02
4.572818098968811000e+02
4.572816174925005726e+02
4.572751384725219168e+02
4.573101024665692762e+02
4.572841618013878815e+02
4.572974720458394131e+02
4.573073433822453921e+02
4.572666763758235220e+02
4.572729706721402749e+02
4.572554623876561095e+02
