4.044970374639221973e+02
4.044862921096271862e+02
4.044840672186467145e+02
4.044770192851285060e+02
4.044661212128733041e+02
4.044654331995138250e+02
4.044556216118361931e+02
4.044493160235430764e+02
4.044409308597826112e+02
4.044329973004374779e+02
4.045183906016505944e+02
4.045229253827777143e+02
4.045121190906185120e+02
4.044976651000711740e+02
4.044817704508997736e+02
4.044824553640971203e+02
4.044745014392657936e+02
4.044535337819378924e+02
4.044479634250296272e+02
4.044281741233883736e+02
4.044135746888828180e+02
4.043944565443284773e+02
4.043787527721120227e+02
4.043634499345233166e+02
4.043486282392121893e+02
4.043401522805390869e+02
4.043301327590352230e+02
4.043183811536752046e+02
4.043010415552888048e+02
4.043054515603494110e+02
4.042875788770069221e+02
4.042782255544154850e+02
4.042715393933955284e+02
4.042590072921386763e+02
4.042515883828585856e+02
4.042421289703835896e+02
4.042399412401682071e+02
4.042314326838700822e+02
4.042984887087479251e+02
4.042959142679243882e+02
4.042816924363369822e+02
4.042787652677703250e+02
4.042629819291470881e+02
4.042480321905512142e+02
4.042444004845257837e+02
4.042344638965743115e+02
4.042201644999952919e+02
4.041997161789398092e+02
4.041826922242407250e+02
4.041673564158153908e+02
4.041658728292708815e+02
4.041371593573571204e+02
4.041221675881221245e+02
4.041155774796823152e+02
4.040990732689070910e+02
4.040980726536546968e+02
4.040876606965451856e+02
4.040722715532660914e+02
4.041040919876871840e+02
4.040898611831004246e+02
4.040857881711398818e+02
4.040619624954189248e+02
4.040642991603481846e+02
4.040504590937931084e+02
4.040385126004193239e+02
4.040339425607019734e+02
4.040200196609350201e+02
4.039907432661947269e+02
4.039766618601005916e+02
4.039623238792552797e+02
4.039517229304673833e+02
4.039343242686214808e+02
4.039209953219980207e+02
4.039065082399146718e+02
4.038995160835004867e+02
4.038896267030971217e+02
4.038682832043323856e+02
4.038674048847810241e+02
4.038598474193191805e+02
4.038506153091881856e+02
4.038358696766088087e+02
4.038300015534126146e+02
4.038217134831406270e+02
4.038115916905887843e+02
4.038065542021337251e+02
4.037979034182694136e+02
4.038673824207613734e+02
4.038532890007049900e+02
4.038419717023293174e+02
4.038334551722780930e+02
4.038344645193624842e+02
4.038185802367179917e+02
4.038098138048792975e+02
4.037971669747028045e+02
4.037816158493973262e+02
4.037585204240884877e+02
4.037397012010005142e+02
4.037294773277715763e+02
4.037097524277995717e+02
4.036970800751930142e+02
4.036902669133937138e+02
4.036719669344507224e+02
4.036656842362572775e+02
4.036563999743360114e+02
4.036377362416893106e+02
4.036278693823439880e+02
4.036253531835740773e+02
4.036104744314873187e+02
4.036032993020403978e+02
4.035953884504526172e+02
4.035818475995482117e+02
4.035769720172656889e+02
4.035627749449469093e+02
4.035574968184595264e+02
4.036304631769319258e+02
4.036177938369683034e+02
4.036093770639516833e+02
4.036006717274141806e+02
4.035914391198792828e+02
4.035780709631802097e+02
4.035697791557926166e+02
