4.634773242419155892e+00
4.591421562312119953e+00
4.599602969353476567e+00
4.615797246177652191e+00
4.644591477845687599e+00
4.620700552261313376e+00
4.596684163849587001e+00
4.624389227757562892e+00
4.607861636882521594e+00
4.755071240354863171e+00
6.280887927982034213e+00
5.819679053705171690e+00
5.486763270397452708e+00
5.178324361682503429e+00
5.018507282433870564e+00
4.865556472633077334e+00
4.736662390790678856e+00
4.711606404400815684e+00
4.682910628575496226e+00
4.684368322024615949e+00
4.631193962303703060e+00
4.676124696360430377e+00
4.676418012725192419e+00
4.620457831260170067e+00
4.624411106833722584e+00
4.616232776537449567e+00
4.635304151876587397e+00
4.600089095076893564e+00
4.637667775822931659e+00
4.634631712145249161e+00
4.592453981218391768e+00
4.636585445274170603e+00
4.632007248587815873e+00
4.630214189924439339e+00
4.650164830636732027e+00
4.657496372313522315e+00
4.659524631045612431e+00
4.653182091983339319e+00
6.341133331629215775e+00
5.866118076574638351e+00
5.505423045616340438e+00
5.219351048087037981e+00
5.010133407894424629e+00
4.901414911016082065e+00
4.814101671554067430e+00
4.738254435441840329e+00
4.705187630432550172e+00
4.703856083531911203e+00
4.669705580531600120e+00
4.658051212010501985e+00
4.628472410345811916e+00
4.607575841450190168e+00
4.618246335265244973e+00
4.695989871931475435e+00
4.641289788509007863e+00
4.627926459023521844e+00
4.645425617624265868e+00
4.648348183594371186e+00
6.174742957436942348e+00
5.794838781331817401e+00
5.423606582178811308e+00
5.179843248172757875e+00
4.968948781908864909e+00
4.884872278276182200e+00
4.760227865117182766e+00
4.705705891049075440e+00
4.653890427074000691e+00
4.649123865216335361e+00
4.592394497480083437e+00
4.639740134567905017e+00
4.627127872743703740e+00
4.617410828044407722e+00
4.593978679338250437e+00
4.560967597601053747e+00
4.629233050102916636e+00
4.594635735344162697e+00
4.593174281428827221e+00
4.607525587947137069e+00
4.585578823395863424e+00
4.580426984681453817e+00
4.592960276715142953e+00
4.580913794126000305e+00
4.622288494585695240e+00
4.655570329890364789e+00
4.621552810649835585e+00
4.636113335833918825e+00
6.311399667128584134e+00
5.890305395268859989e+00
5.432361289387658054e+00
5.181688269642012123e+00
5.026702022037263795e+00
4.860077473357971023e+00
4.776935274649408036e+00
4.757343245669790832e+00
4.708759047755007643e+00
4.715993159170776217e+00
4.638465678381620272e+00
4.680250953379868406e+00
4.636344091715288052e+00
4.659433354274759687e+00
4.691466031074953413e+00
4.648543044116416389e+00
4.680849209368601826e+00
4.660869168647720606e+00
4.682451167976148909e+00
4.688782083779210907e+00
4.704976018742820898e+00
4.706430293586291391e+00
4.680470769723157787e+00
4.689395381632804671e+00
4.724715389625949058e+00
4.677273689719364747e+00
4.710610564574997383e+00
4.669616696784702370e+00
6.519105258042244166e+00
6.056547401975927336e+00
5.609244048040626041e+00
5.310850028306798087e+00
5.041620475232893028e+00
4.894099778646411103e+00
4.862733046226819233e+00
