4.044970494728102040e+02
4.044862724326707735e+02
4.044830825474426774e+02
4.044771680082798184e+02
4.044655127320514225e+02
4.044641052605114737e+02
4.044550306554543795e+02
4.044490261351725167e+02
4.044405899821023240e+02
4.044325416357502263e+02
4.045183858365373908e+02
4.045218356566820717e+02
4.045117994907013212e+02
4.044971655444329031e+02
4.044811624569978221e+02
4.044813241644724826e+02
4.044738738901210127e+02
4.044528502554979923e+02
4.044468991004583813e+02
4.044273917108629917e+02
4.044122109588918192e+02
4.043937626190382844e+02
4.043779823663970205e+02
4.043623504403385027e+02
4.043479075494161066e+02
4.043390855272638191e+02
4.043306023362184192e+02
4.043178682488426716e+02
4.043003811687138978e+02
4.043052784397900155e+02
4.042870400745953248e+02
4.042776624452735064e+02
4.042703332923074981e+02
4.042584701019504791e+02
4.042513028335392846e+02
4.042416662537256116e+02
4.042393941806139992e+02
4.042303886546815761e+02
4.042974871667809111e+02
4.042951811799998723e+02
4.042812164228947722e+02
4.042777676091636749e+02
4.042619478820375889e+02
4.042479129773238924e+02
4.042435485448099826e+02
4.042341072583868140e+02
4.042187665664541782e+02
4.041990499445857949e+02
4.041814252461720116e+02
4.041664264832916160e+02
4.041649048115452274e+02
4.041368399447434854e+02
4.041216811593570810e+02
4.041150307236284789e+02
4.040984881068463892e+02
4.040981009322994169e+02
4.040875058449141761e+02
4.040716896614152915e+02
4.041030362452584086e+02
4.040897582259685805e+02
4.040852355478098161e+02
4.040613241859937830e+02
4.040635604309878204e+02
4.040498930212933146e+02
4.040385442134585219e+02
4.040331008209183210e+02
4.040190967129116189e+02
4.039901515320165117e+02
4.039764475111330171e+02
4.039626216029345755e+02
4.039509942745789886e+02
4.039324780904944987e+02
4.039203953392125186e+02
4.039057724692166857e+02
4.038989336764453810e+02
4.038890492791206270e+02
4.038680490610016136e+02
4.038670687124882761e+02
4.038587133248221903e+02
4.038503209287105733e+02
4.038351041793588934e+02
4.038293542118905179e+02
4.038215348331858081e+02
4.038109343799010276e+02
4.038060865649072753e+02
4.037973058010973091e+02
4.038670964127483103e+02
4.038523945065466023e+02
4.038417188452939968e+02
4.038333984856424763e+02
4.038335279369529758e+02
4.038175402001629095e+02
4.038094144936948169e+02
4.037966795450849986e+02
4.037814876340092951e+02
4.037578480620650794e+02
4.037395149153878151e+02
4.037287958009122804e+02
4.037090777898883971e+02
4.036963678800756838e+02
4.036893351441307232e+02
4.036710174475139752e+02
4.036650541668595906e+02
4.036559560136711866e+02
4.036368972485901168e+02
4.036276194481624202e+02
4.036249912664491717e+02
4.036098499395753265e+02
4.036027932295144183e+02
4.035945985783167202e+02
4.035814514110771825e+02
4.035764327558650280e+02
4.035623619732094767e+02
4.035567669160500941e+02
4.036303273937173799e+02
4.036169425890408888e+02
4.036086561841261755e+02
4.036001334942554877e+02
4.035904935595282836e+02
4.035773950656757734e+02
4.035690517556508894e+02
